206461,
 95260,
 92703,
 138000,
 35696,
 155963,
 165907,
 102654,
 74811,
 48928,
 29607,
 75612,
 191290,
 221320,
 98494,
 81890,
 48188,
 219869,
 212077,
 119705,
 12372,
 231466,
 227020,
 41928,
 213649,
 51215,
 206180,
 78563,
 132258,
 27339,
 51452,
 96233,
 204999,
 214453,
 71188,
 80520,
 125343,
 93678,
 60678,
 206444,
 221934,
 39795,
 173398,
 12056,
 121333,
 111409,
 111474,
 188061,
 146502,
 153093,
 156544,
 135645,
 69629,
 96906,
 215018,
 102449,
 60455,
 87285,
 225508,
 106703,
 131704,
 192806,
 69488,
 107449,
 60156,
 88659,
 24139,
 131909,
 202903,
 85162,
 12559,
 83734,
 168378,
 172031,
 144224,
 109866,
 216434,
 9116,
 111410,
 64089,
 217014,
 171349,
 60050,
 131041,
 17083,
 186984,
 202401,
 189138,
 156143,
 56141,
 43085,
 187720,
 7337,
 79467,
 147133,
 45237,
 102810,
 60280,
 10677,
 196244,
 19966,
 229524,
 180062,
 126595,
 208641,
 220696,
 122541,
 163567,
 57623,
 137538,
 156303,
 34093,
 116910,
 166891,
 160750,
 65646,
 61002,
 49143,
 58547,
 35254,
 165013,
 77567,
 195482,
 144777,
 185739,
 182130,
 632,
 104905,
 51480,
 62773,
 221450,
 118141,
 133833,
 198581,
 179311,
 5637,
 36697,
 63453,
 227293,
 130867,
 63687,
 157915,
 8051,
 186257,
 165523,
 74924,
 156730,
 59033,
 61073,
 91973,
 45238,
 212641,
 143971,
 225257,
 84639,
 98258,
 103475,
 226866,
 146513,
 171741,
 14321,
 126017,
 182370,
 25704,
 115525,
 230728,
 202726,
 116064,
 26916,
 94168,
 209696,
 130582,
 40586,
 31040,
 218736,
 51586,
 67465,
 229692,
 164952,
 122860,
 230126,
 133558,
 82188,
 37843,
 224842,
 32516,
 44150,
 32822,
 87410,
 118552,
 149508,
 198022,
 54286,
 147353,
 124114,
 40776,
 67383,
 26839,
 80070,
 109272,
 150460,
 126666,
 126485,
 140891,
 174752,
 197894,
 188158,
 10752,
 218840,
 119356,
 209413,
 37533,
 68799,
 214514,
 180783,
 70026,
 58467,
 97654,
 109444,
 161327,
 80410,
 53708,
 45291,
 178948,
 215167,
 25745,
 16048,
 5477,
 232066,
 39880,
 205953,
 5499,
 25634,
 167487,
 107325,
 171980,
 5706,
 214628,
 182297,
 74152,
 50428,
 136220,
 195947,
 81588,
 207231,
 88199,
 204639,
 68134,
 184954,
 213821,
 191572,
 82584,
 141047,
 50666,
 145900,
 168235,
 81720,
 221596,
 186185,
 200930,
 125971,
 183200,
 118808,
 213019,
 132965,
 124968,
 33012,
 202946,
 13256,
 38612,
 31311,
 198429,
 58227,
 196987,
 121006,
 172038,
 95538,
 12255,
 105215,
 153075,
 52117,
 13891,
 55066,
 222064,
 115387,
 38964,
 158002,
 230149,
 178683,
 114547,
 40937,
 142693,
 168456,
 84989,
 11521,
 43990,
 174896,
 85483,
 178737,
 85334,
 3144,
 154893,
 158082,
 113576,
 87775,
 716,
 213331,
 77853,
 23152,
 103246,
 169883,
 120362,
 56998,
 106043,
 142104,
 152759,
 86964,
 91431,
 122803,
 35476,
 109055,
 178241,
 86386,
 36844,
 163724,
 147298,
 122246,
 129501,
 59253,
 82105,
 176778,
 231076,
 111247,
 57325,
 119337,
 205137,
 201175,
 51390,
 209669,
 48972,
 71316,
 227519,
 188538,
 175832,
 15341,
 152457,
 185352,
 59516,
 32917,
 229875,
 39581,
 2198,
 162668,
 67597,
 49766,
 130586,
 23827,
 175572,
 230489,
 27860,
 135337,
 64004,
 231485,
 136286,
 135420,
 214594,
 66829,
 188605,
 156065,
 108982,
 11022,
 111469,
 156581,
 173987,
 143230,
 163702,
 13252,
 90969,
 49530,
 40746,
 145785,
 93488,
 42603,
 6471,
 13652,
 217657,
 142190,
 108377,
 58500,
 63522,
 5464,
 91050,
 64773,
 14638,
 199374,
 261,
 146565,
 158928,
 185961,
 98471,
 170871,
 14496,
 2448,
 158491,
 29709,
 141645,
 20959,
 210282,
 145840,
 138290,
 850,
 220053,
 127009,
 203288,
 216074,
 56826,
 118353,
 150304,
 194660,
 219810,
 225955,
 199540,
 31957,
 212128,
 33513,
 3183,
 30247,
 140512,
 227611,
 3245,
 187681,
 210730,
 168245,
 44448,
 198434,
 63515,
 62170,
 27677,
 210110,
 210029,
 131606,
 118626,
 143379,
 55371,
 30096,
 8673,
 32140,
 198026,
 172823,
 139950,
 28999,
 171020,
 15583,
 102720,
 125185,
 107729,
 217575,
 177575,
 133751,
 200059,
 60484,
 104508,
 133637,
 218289,
 38585,
 128972,
 23974,
 45767,
 109424,
 74787,
 184517,
 79893,
 20878,
 88076,
 23202,
 21977,
 46173,
 42217,
 205363,
 66572,
 55571,
 20719,
 82559,
 197982,
 52424,
 140378,
 165993,
 133210,
 132651,
 70391,
 174197,
 67850,
 111710,
 166084,
 201719,
 95661,
 153406,
 228636,
 124622,
 189488,
 68299,
 21228,
 49716,
 132827,
 95811,
 73682,
 42668,
 33872,
 130200,
 147119,
 204027,
 7644,
 115035,
 113470,
 31381,
 141127,
 189594,
 93658,
 220873,
 203820,
 158784,
 198302,
 161137,
 172525,
 109101,
 26702,
 71074,
 26293,
 90024,
 6482,
 232277,
 49299,
 81640,
 108063,
 68191,
 117865,
 59556,
 139852,
 180405,
 50402,
 27654,
 56877,
 54609,
 190348,
 33047,
 164086,
 1186,
 149097,
 43897,
 74001,
 41118,
 33856,
 66056,
 220376,
 46810,
 195397,
 103408,
 114441,
 172856,
 125245,
 5069,
 193917,
 72638,
 23251,
 15346,
 109310,
 121905,
 202906,
 166193,
 94340,
 26631,
 190387,
 126104,
 200287,
 183531,
 17556,
 105188,
 133785,
 53296,
 145495,
 113287,
 152576,
 39159,
 18079,
 154777,
 165889,
 221853,
 47631,
 152743,
 10051,
 134546,
 128860,
 150297,
 55635,
 158940,
 228124,
 226127,
 155648,
 17161,
 27189,
 160309,
 219042,
 157830,
 47120,
 202770,
 5816,
 78165,
 182300,
 48282,
 10046,
 121103,
 115364,
 152006,
 146424,
 231741,
 8674,
 75230,
 91453,
 214809,
 159777,
 16241,
 221292,
 65841,
 53101,
 60520,
 145101,
 157790,
 177889,
 146099,
 185300,
 159049,
 11891,
 135749,
 137160,
 167433,
 201891,
 6308,
 150285,
 32110,
 189497,
 14836,
 122110,
 183430,
 152963,
 186060,
 69392,
 164693,
 96813,
 4685,
 68406,
 202738,
 48813,
 230129,
 190467,
 194806,
 31043,
 149151,
 81311,
 127832,
 38146,
 156013,
 120231,
 131512,
 226218,
 78604,
 177320,
 67478,
 22286,
 32548,
 169934,
 207226,
 187151,
 4551,
 221270,
 67719,
 229622,
 17081,
 122500,
 80302,
 177893,
 47266,
 101070,
 18475,
 201467,
 74830,
 173471,
 175188,
 162732,
 71722,
 212381,
 24089,
 62931,
 59036,
 56456,
 14673,
 200478,
 76880,
 78582,
 163340,
 140494,
 179448,
 96486,
 202161,
 123565,
 166235,
 195724,
 131553,
 187490,
 102345,
 125240,
 153514,
 88150,
 47321,
 51749,
 148024,
 221485,
 26318,
 134784,
 56073,
 179618,
 16502,
 18170,
 15139,
 74522,
 170261,
 45978,
 5154,
 124976,
 97101,
 126052,
 170873,
 213061,
 187183,
 44297,
 161428,
 220990,
 17922,
 126630,
 1745,
 5968,
 55162,
 63331,
 148832,
 108021,
 224494,
 120390,
 10823,
 129173,
 157178,
 69687,
 116136,
 129681,
 9573,
 215914,
 143604,
 145366,
 24926,
 142866,
 16980,
 178216,
 95995,
 222679,
 128895,
 39285,
 144643,
 70325,
 79418,
 71471,
 51829,
 35028,
 32802,
 172800,
 16606,
 53317,
 117633,
 19785,
 165550,
 208104,
 51431,
 52576,
 37649,
 191365,
 168129,
 122034,
 136387,
 25882,
 183387,
 51464,
 23322,
 101439,
 118839,
 194444,
 222153,
 226748,
 5359,
 155931,
 216556,
 36072,
 15312,
 223376,
 30731,
 49715,
 153782,
 144622,
 150012,
 147190,
 11757,
 137926,
 160525,
 192398,
 171984,
 186866,
 113133,
 205763,
 157819,
 114455,
 215281,
 26094,
 66370,
 17349,
 187283,
 202716,
 206509,
 100711,
 190553,
 70023,
 194294,
 81988,
 192752,
 2706,
 212307,
 193842,
 86319,
 24174,
 54099,
 25994,
 30219,
 181663,
 74131,
 150718,
 132147,
 173011,
 90328,
 201647,
 99886,
 217886,
 86808,
 111795,
 227669,
 195036,
 57254,
 68697,
 119971,
 192378,
 53513,
 205507,
 76815,
 150352,
 50284,
 177386,
 91675,
 186252,
 184438,
 202362,
 123288,
 155358,
 163096,
 102461,
 82562,
 26729,
 102196,
 223492,
 166426,
 219144,
 176624,
 204772,
 110487,
 172675,
 46156,
 47406,
 217342,
 45435,
 119367,
 120982,
 45454,
 65107,
 176306,
 287,
 81846,
 102960,
 61611,
 175877,
 175494,
 47160,
 63698,
 195343,
 97132,
 174060,
 63395,
 112098,
 119029,
 101559,
 85004,
 194973,
 229926,
 97277,
 123619,
 114659,
 9364,
 143369,
 81016,
 223970,
 77562,
 200388,
 119545,
 49219,
 105167,
 176517,
 58509,
 49702,
 79996,
 155028,
 31995,
 205463,
 150140,
 76472,
 60155,
 18386,
 108720,
 230407,
 205920,
 56239,
 125954,
 180278,
 93239,
 195967,
 153558,
 126085,
 78174,
 88819,
 3932,
 46698,
 177121,
 226,
 207680,
 61634,
 50052,
 3618,
 208030,
 46709,
 1535,
 45779,
 96661,
 92608,
 187173,
 84417,
 218290,
 111672,
 35839,
 125844,
 28280,
 104773,
 124093,
 46651,
 36902,
 101067,
 26203,
 122712,
 21104,
 85743,
 139780,
 198181,
 46696,
 80955,
 199503,
 125237,
 5656,
 135560,
 211876,
 222642,
 81067,
 25243,
 19696,
 135408,
 97411,
 9734,
 117301,
 89121,
 126830,
 77655,
 163602,
 168741,
 36922,
 192803,
 33327,
 206872,
 214615,
 221357,
 135157,
 224296,