27,
 192,
 17,
 10,
 37,
 43,
 5,
 32,
 11,
 1,
 19,
 54,
 8,
 20,
 0,
 39,
 18,
 4,
 7,
 99,
 47,
 6,
 3,
 16,
 2,
 15,
 82,
 45,
 9,
 30,
 55,
 94,
 22,
 44,
 24,
 23,
 125,
 26,
 13,
 166,
 74,
 35,
 14,
 36,
 28,
 120,
 132,
 128,
 87,
 33,
 31,
 12,
 72,
 46,
 40,
 48,
 51,
 50,
 60,
 34,
 41,
 101,
 104,
 21,
 117,
 115,
 57,
 111,
 38,
 49,
 80,
 25,
 29,
 100,
 97,
 65,
 93,
 102,
 96,
 68,
 53,
 105,
 376,
 73,
 58,
 88,
 92,
 78,
 76,
 63,
 169,
 215,
 151,
 52,
 61,
 42,
 81,
 59,
 153,
 261,
 141,
 77,
 71,
 69,
 179,
 67,
 112,
 134,
 122,
 131,
 118,
 62,
 119,
 83,
 159,
 114,
 79,
 142,
 173,
 75,
 85,
 91,
 137,
 64,
 129,
 124,
 70,
 103,
 66,
 133,
 89,
 56,
 86,
 84,
 176,
 126,
 230,
 127,
 155,
 106,
 201,
 160,
 172,
 108,
 90,
 165,
 226,
 413,
 123,
 98,
 177,
 276,
 138,
 121,
 149,
 269,
 771,
 107,
 136,
 109,
 314,
 110,
 95,
 152,
 211,
 187,
 113,
 232,
 154,
 157,
 144,
 130,
 359,
 167,
 205,
 175,
 143,
 237,
 139,
 146,
 254,
 164,
 190,
 140,
 180,
 116,
 294,
 135,
 174,
 189,
 158,
 170,
 355,
 1247,
 148,
 210,
 162,
 171,
 191,
 161,
 150,
 209,
 186,
 730,
 357,
 208,
 486,
 301,
 693,
 264,
 203,
 196,
 198,
 224,
 219,
 147,
 446,
 1291,
 185,
 364,
 308,
 214,
 265,
 228,
 188,
 168,
 280,
 216,
 315,
 202,
 233,
 163,
 184,
 250,
 448,
 183,
 222,
 145,
 206,
 266,
 520,
 221,
 282,
 309,
 290,
 236,
 262,
 156,
 181,
 279,
 317,
 199,
 195,
 235,
 194,
 263,
 239,
 178,
 234,
 252,
 245,
 207,
 293,
 289,
 200,
 796,
 366,
 240,
 212,
 217,
 397,
 283,
 621,
 381,
 238,
 270,
 286,
 323,
 463,
 291,
 251,
 255,
 458,
 220,
 316,
 424,
 312,
 204,
 227,
 218,
 310,
 268,
 193,
 334,
 435,
 248,
 223,
 247,
 327,
 505,
 313,
 360,
 500,
 292,
 389,
 257,
 197,
 182,
 297,
 476,
 231,
 244,
 241,
 319,
 285,
 272,
 225,
 304,
 256,
 408,
 273,
 302,
 260,
 249,
 271,
 213,
 307,
 259,
 331,
 243,
 342,
 388,
 278,
 556,
 281,
 345,
 335,
 229,
 296,
 275,
 326,
 526,
 365,
 343,
 333,
 680,
 287,
 246,
 371,
 303,
 346,
 356,
 437,
 504,
 242,
 400,
 467,
 401,
 300,
 329,
 330,
 372,
 299,
 344,
 406,
 341,
 405,
 322,
 320,
 426,
 274,
 305,
 392,
 513,
 461,
 288,
 337,
 485,
 440,
 470,
 644,
 949,
 384,
 585,
 295,
 328,
 340,
 559,
 267